   2.0000000e+00   2.9263085e-01   7.8605869e-01  -1.3773783e+00   7.4658780e-02   3.8243464e-01  -9.8227331e-02   5.8465266e-01   8.3299397e-01   1.0874179e+00  -2.6373995e-01
   2.0000000e+00   3.9671963e-01  -9.1439430e-01  -6.9403599e-01  -4.2251734e-01  -2.6097145e-01   1.0093620e+00  -2.7411057e-01   1.0880520e+00  -1.7075350e+00   1.5656520e-02
   2.0000000e+00   6.5773040e-01  -1.0139380e+00  -5.0619946e-01   2.0189021e-01   1.1300071e-01  -1.4614672e+00   5.3544360e-01  -2.5381293e-01  -1.3809998e+00   2.1415770e-01
   2.0000000e+00  -4.8243119e-01  -4.1018404e-01  -2.3257450e-01  -7.1557241e-01   1.9170685e+00   7.8604341e-01  -1.9979468e-01  -1.3788693e+00   4.4775999e-01  -9.9174563e-01
   2.0000000e+00   2.9762977e-01  -6.3540830e-01   1.4321413e-01   5.6951313e-01  -4.9295471e-01  -2.2352635e+00   3.0338139e-01   2.1019850e-01  -1.3675943e+00  -7.0269151e-01
   1.0000000e+00  -7.3949903e-01   1.6273120e+00  -8.4113963e-01   1.9686179e-03  -2.1990118e-01   6.4068359e-01   1.7485948e-01   1.3624546e+00   7.8844577e-01  -1.5945622e-01
   2.0000000e+00   7.8316572e-01  -1.8336732e+00   1.1430361e-01   5.9126981e-01   2.1104215e+00   1.7527283e+00  -5.5692145e-01   7.3140859e-01  -3.5313731e-01  -7.0770848e-02
   2.0000000e+00   4.5406705e-01   4.0453982e-01   6.4631740e-01  -1.5161162e-01  -5.1880557e-01  -1.9345585e-01  -2.4837071e-01   9.7851507e-01   5.5701195e-01  -4.0032596e-01
   2.0000000e+00  -2.2426154e+00  -4.5191040e-01   2.4014748e-01   1.1329480e-01   1.5420878e+00   2.8213691e+00  -1.1911639e+00   7.2630658e-01   2.0540055e+00   1.5363919e+00
   2.0000000e+00   1.3470059e+00  -2.0430878e+00   7.0001923e-01   1.1439492e+00   1.0668326e+00  -4.2089829e-02   1.4017103e+00  -1.1668653e+00   4.2403992e-01   2.8636544e-01
   2.0000000e+00  -7.3782330e-01  -9.5954353e-01  -6.3396679e-02  -1.0881843e+00  -6.1810246e-01  -1.3541761e+00   8.6939532e-01  -1.3798602e-01   3.2948014e-01  -3.1831016e-01
   2.0000000e+00   1.4446018e+00  -5.9083917e-01   2.3393817e-01  -5.1469264e-02   3.6266339e-01   1.0127970e+00   1.8003434e+00   9.4978479e-02   2.2552791e-01   3.1545751e-01
   2.0000000e+00   3.5818006e-01   1.1485446e+00  -4.2394477e-01   3.9458932e-01  -1.2419252e+00  -1.6993185e-01   1.4825624e+00   9.1951680e-01  -1.4079631e+00   1.3107559e+00
   2.0000000e+00   1.2855603e+00   1.6596951e-01   1.4355371e+00   1.4564480e+00  -1.4941558e+00  -2.1790721e-01   5.3024882e-01  -1.4206990e-01  -4.1209935e-01  -1.7405899e-01
   2.0000000e+00  -1.4649080e+00  -3.1941766e-01   2.5034456e-01   2.0032327e+00   9.6788405e-01   1.1346829e+00  -1.0423396e-01  -1.5548351e+00  -3.8181688e-01   3.1816366e-01
   2.0000000e+00   3.0708987e-01   6.8049700e-01  -5.1767948e-01  -3.2081952e-01   1.6491073e-01   4.8823459e-01  -4.5848483e-01  -2.5900388e+00   2.3515462e+00   1.5435878e+00
   2.0000000e+00  -2.4178564e-01  -3.4932531e+00  -6.2993312e-01  -1.0011255e+00   6.0052844e-01  -3.4685555e-02  -3.9400084e-01   7.9414158e-01   1.9900366e+00   1.4637689e+00
   2.0000000e+00   1.0964599e+00   2.0656308e+00   5.0977151e-01   3.6722757e-01  -6.4859609e-01  -2.9195612e-01  -6.4643432e-01   1.5826257e+00  -1.4419683e+00  -3.3159661e-01
   2.0000000e+00   3.2094233e-01   1.2725467e-01   3.4311894e-01  -5.5348040e-02  -5.0010985e-01  -1.6718291e+00  -1.6245759e+00  -5.0346084e-01  -1.8443481e-01  -9.8204935e-01
   2.0000000e+00   1.3469816e+00  -1.0962513e+00  -9.4884510e-01  -3.6754246e-01  -1.4200754e-01   1.2545182e+00   1.2207412e-01   1.1449688e+00  -1.0333329e+00  -7.9030833e-01
   1.0000000e+00  -7.4728659e-01   9.5597028e-01   2.1786763e+00  -8.8861207e-01  -6.2743796e-03   7.2027477e-01   4.6978438e-01   1.1206823e+00  -1.5131570e+00   7.3755184e-01
   2.0000000e+00  -3.4977197e-01   1.0513132e+00  -1.5546831e+00   6.0770588e-01  -1.0668891e+00  -8.7754629e-02   1.7175172e+00  -3.4050900e-01   6.8840921e-01  -1.8996167e+00
   1.0000000e+00   3.2055704e-01   3.2721018e-01  -2.4934377e+00  -1.1446960e+00   7.1279190e-01   3.5406076e-02   9.9392628e-01   2.2991703e-01  -5.4386770e-01  -7.8719597e-01
   1.0000000e+00  -1.1779539e-01  -3.9677636e-01  -9.6836616e-01  -6.6432098e-01   7.4628257e-01   1.0314233e-01   1.7892519e+00   9.8675254e-01  -8.5793662e-02   1.4634168e+00
   2.0000000e+00  -2.0587536e-01   1.1540778e+00  -5.6377061e-01   5.4417938e-02   5.8584475e-01   1.9861538e+00  -2.7581668e-01   5.0987566e-01   1.1870016e+00  -6.4330152e-01
   2.0000000e+00   1.6117734e+00  -1.5800100e+00  -5.7556583e-01   4.4379664e-01  -3.4099138e-01   1.4725696e+00   7.6439397e-01  -9.1240901e-01  -7.2368122e-01  -1.0822478e-01
   2.0000000e+00  -4.2674146e-01   2.2796909e-01   2.3918835e-01  -7.4426404e-01  -4.6138964e-02  -9.1688638e-01  -7.6698536e-02  -7.9317306e-01   1.9841564e-01  -2.4804361e+00
   2.0000000e+00   9.8762818e-01   1.0992323e-01  -1.2250563e+00   2.9964404e-01   3.0041184e-01   9.3387854e-01  -1.5812357e+00  -2.0808031e-01   2.4484316e-01   6.2350392e-01
   2.0000000e+00  -5.9548296e-01  -1.4854857e-01   1.6110550e+00   2.3561300e-01   4.7309921e-01   1.2001219e+00   9.8712802e-01  -5.7675302e-01  -1.2002918e+00  -4.3442231e-01
   1.0000000e+00   1.3167166e+00   6.6319723e-02  -6.2695431e-01  -9.2324433e-01  -5.4748404e-01   3.1519164e-01  -1.0604375e+00   1.4619130e+00  -1.2700185e+00   7.3441210e-02
   2.0000000e+00   1.6015518e-01   9.7343440e-01   8.8055896e-03   3.1755206e-01   1.4133630e+00   7.9868241e-01   4.0325206e-01  -5.1757814e-01  -2.8125501e-01  -2.0042220e+00
   2.0000000e+00   3.4254532e+00   1.3234494e-02   1.3212266e+00  -1.2855764e+00   1.5603353e+00  -9.0699413e-01  -6.5507231e-01   2.6215935e+00  -2.1296847e-01   3.5427698e-01
   2.0000000e+00  -7.0796581e-01   1.3389593e-02  -5.5557712e-01  -1.3330406e+00   2.9497146e-01   1.2316406e+00   5.9362342e-01  -2.5828195e-01  -7.4482763e-02  -1.8858738e+00
   2.0000000e+00   3.0646771e-01  -6.7509706e-01  -1.5918316e-01   1.1826686e-01  -4.7014152e-01  -3.4180651e-01   2.6957641e-01   7.2031844e-02  -5.2971964e-01  -1.5190950e+00
   1.0000000e+00   7.5269977e-01  -7.3490826e-01  -1.0611491e+00  -2.3142888e+00  -8.1814068e-02   1.7196853e-01  -5.4198509e-01   8.1337054e-01   4.5528312e-01   5.9422818e-01
   2.0000000e+00   2.9657401e-01  -1.5934670e+00  -1.2603681e+00   6.4157990e-01   3.3415337e-01   7.8094173e-01   7.3569458e-01  -1.8909415e+00  -8.6384153e-01   1.1174795e+00
   2.0000000e+00   6.1433367e-01  -1.5222568e+00  -4.9970870e-01  -4.3186231e-01   2.2311642e-01  -1.0142996e+00   6.4472979e-01   6.2718661e-01   6.0977098e-01  -2.5313117e-01
   2.0000000e+00  -4.8423678e-01  -9.3855088e-01   5.7124424e-01   7.5681391e-01   1.1494892e+00   1.6597837e+00  -1.5748791e+00   2.2396062e-02  -4.7098914e-02   6.0673431e-01
   2.0000000e+00  -3.2260381e-01  -1.1808683e+00  -3.1939871e-02   1.1432903e+00   1.7164092e+00   2.0319469e+00  -1.4850882e-01  -3.9069997e-01  -2.0358850e-01   1.1929765e+00
   2.0000000e+00   1.1833314e-01  -7.6233124e-01   5.8274325e-02  -6.1131587e-01   8.3671654e-01   5.5498429e-01   2.1743173e-01   2.0363765e+00  -3.5223904e-01   8.2649020e-01
   2.0000000e+00   4.4358573e-01  -5.4510716e-01  -1.4516810e+00  -9.3198964e-01  -5.3984808e-01   2.8658946e+00  -5.2272664e-01  -2.3562867e-02  -1.1787044e+00  -2.1883682e-01
   2.0000000e+00  -3.0060748e+00   1.5228318e-01   1.4709791e+00  -1.8018534e-01  -9.3332562e-01  -1.6324461e+00  -2.8016589e-01  -1.2801451e+00   6.9434885e-03  -1.2977104e+00
   2.0000000e+00   3.1316562e+00   9.2443889e-01   4.8231472e-01  -2.0861682e+00   8.0233422e-01  -3.9380531e-01   1.9908824e+00  -4.7306303e-01   7.3211475e-01   8.7833513e-02
   2.0000000e+00   6.5580590e-01   7.3760601e-01  -3.4649264e-01  -8.6965091e-01  -1.5205227e+00   8.7098403e-01  -6.9354879e-01   1.8015642e+00  -1.2225351e+00   1.4474396e+00
   2.0000000e+00  -1.1821701e+00  -2.4253487e-01   1.9721681e-01   1.0251958e+00   1.6365879e+00  -4.6977804e-01   7.0795555e-01   1.0171674e+00  -9.3493835e-01   1.5300156e+00
   2.0000000e+00  -5.2906577e-01   2.5118891e-01   4.8675281e-01  -1.7855108e-01  -2.9046942e-01  -2.1068009e+00   3.8590951e-01   6.6139943e-01  -9.2519981e-01   1.1633675e-01
   1.0000000e+00   8.0894620e-01   9.4946752e-01  -3.1074615e-01   7.5893053e-01  -9.8663029e-02   1.0277889e-01  -6.6932444e-01   1.2117801e+00  -5.8835278e-01   9.8470089e-02
   2.0000000e+00  -3.3162872e-01  -5.6888258e-01   1.0800982e+00  -3.3889619e-01  -1.0959842e-02  -1.1484056e+00   1.4373892e+00   8.8045465e-01   9.5096217e-01   5.8083292e-01
   2.0000000e+00   4.6930654e-01   7.9484926e-01  -1.7180077e-01   2.6714864e-01  -9.9571342e-01   5.7789012e-01   1.4646577e+00   3.8432425e-01   1.3030160e+00   2.8146095e-01
   2.0000000e+00   7.9762616e-01  -1.0379123e+00  -4.9999559e-01   1.1694212e+00   4.1378694e-01  -4.2249681e-01   4.5168669e-01   1.0844208e-01   5.5186681e-01   2.1673819e-01
   2.0000000e+00   9.9167021e-02   8.5262701e-01   1.7512731e+00   1.2746399e+00   2.9162205e-02  -1.0550042e+00  -4.4032884e-01   3.5250076e-01  -1.5203850e+00  -1.1798548e+00
   2.0000000e+00  -1.3895376e+00   4.1806503e-02   8.1606023e-01   2.8025141e-01  -4.3060684e-01  -1.8163090e-01  -1.6990592e-01  -1.6995736e-01  -2.5336817e-01  -7.7804534e-01
   2.0000000e+00   2.7433461e-01   9.3324586e-01   1.4248446e+00  -1.8213252e+00   1.7696708e+00   4.1785200e-01  -9.8351067e-01   1.1855315e+00   6.2852860e-03   2.1525053e-01
   1.0000000e+00  -6.4815161e-01   2.3308160e-01   1.3330543e+00  -1.5392387e+00   8.2607160e-01   1.5318599e-01  -9.7825465e-01   1.5395931e-01   2.4392746e-01   1.0146782e+00
   2.0000000e+00  -9.8096966e-01  -9.3363995e-01   5.4636662e-02  -9.5738556e-01   1.8191984e+00   9.9924470e-01   9.1707276e-01   1.2368135e+00   1.0947984e+00   5.5170054e-01
   2.0000000e+00  -6.4494744e-01  -5.6614618e-01   6.2177058e-01   1.7760173e+00  -7.1513732e-01  -8.1611119e-02  -4.1810070e-01  -1.2529103e+00   2.1293607e-01   1.8840038e+00
   2.0000000e+00   1.6096737e-01  -1.9442433e-01  -9.7859979e-01   1.3800379e+00   1.0282023e+00  -6.2969254e-01  -4.2397625e-01   8.7408076e-01  -1.8801214e-03   1.0551347e+00
   2.0000000e+00  -1.4537285e+00   4.9109512e-01  -1.8014773e+00  -8.9665108e-01  -4.7440161e-01   1.0332673e+00   4.3636322e-01  -1.3295368e+00  -1.1451955e+00  -3.2691309e-01
   1.0000000e+00  -1.4060301e+00  -4.7734169e-01  -1.3322731e-01   5.2663669e-02  -1.0908221e-01   7.0125681e-01  -1.4522337e+00  -8.2166866e-01   3.2337019e-02  -3.4051484e-01
   2.0000000e+00  -8.6187987e-01  -1.7523108e+00  -2.2256160e+00   8.1272072e-01   1.4989631e+00  -1.0317932e+00   7.7765760e-01   1.5155727e+00  -1.1290345e+00  -9.1681022e-02
   2.0000000e+00   8.9626265e-01   1.0837423e+00   1.9921412e-01  -5.7927231e-01   1.8488834e-01  -1.2567559e+00  -1.1296257e+00  -1.7482511e+00  -1.3534514e+00  -4.4360471e-01
   2.0000000e+00  -1.0490806e+00  -2.6120740e-03   1.4445652e+00  -1.8424146e-01   1.7815110e+00   4.5292664e-01   1.2128391e+00   2.1325041e+00  -5.4916512e-01  -1.8296752e+00
   2.0000000e+00   6.7279042e-01  -3.8632900e-01   1.9851503e-01   9.9986113e-01   3.5607318e+00   5.3073915e-01   9.9397492e-01  -4.6428299e-01  -1.7374896e+00   2.1827187e+00
   2.0000000e+00   9.7174344e-01  -5.6438716e-01   5.2818233e-01  -6.7406334e-01  -6.1283449e-01  -5.5159059e-01  -1.7884946e-01  -1.8941184e-03   3.6055111e-01  -7.4340329e-01
   2.0000000e+00   1.0797435e+00   1.4659462e+00   1.1205176e+00  -4.5271247e-01  -1.3034863e+00   4.2856397e-02   1.4272519e+00  -9.7080258e-01   1.5708716e-01  -3.1879448e-01
   2.0000000e+00  -9.8283081e-02  -3.7549562e-01  -4.4641913e-01  -8.8974167e-01   1.2310096e+00  -1.3104974e-01   3.5201823e-01   4.6632796e-01  -6.0383977e-01  -2.7638225e-01
   1.0000000e+00   1.8377718e-01   2.2395326e-01  -8.0288158e-01  -1.5145064e+00   3.5810775e-01   6.4052221e-01  -1.2260111e-03  -4.8573230e-01  -1.2060931e+00   3.3143379e-01
   1.0000000e+00   2.1427792e+00   9.7194459e-01   1.6415870e+00  -5.2402023e-01  -1.3165966e-01   3.5957866e-01   1.0125976e+00  -6.1764207e-01   1.7155899e-01   8.1711804e-01
   2.0000000e+00   1.3405060e+00  -1.7033971e+00  -3.7839086e-01  -9.7739633e-01   1.2041709e+00   7.5262247e-01   1.9135456e+00  -1.1095835e-01   7.7615680e-01  -1.1673504e+00
   1.0000000e+00   1.0014028e+00  -3.1225763e-01  -1.0627673e+00   1.3418361e+00   4.0862087e-01   1.5333161e-01   1.4472088e+00   1.0427206e+00  -1.3999065e+00   1.4144793e-01
   2.0000000e+00  -1.7781381e-01   1.0452388e+00   1.2013160e-01  -8.7509479e-01   1.2241961e+00   1.3215045e+00   2.5502728e+00  -3.4833543e-01   7.9741869e-01  -4.4254359e-01
   2.0000000e+00   5.8704116e-01  -1.5246835e+00  -1.6474576e+00   5.9708156e-01  -7.4086599e-01  -1.0267789e-01  -1.8896286e+00   7.4334860e-01  -2.3581986e+00  -8.7720812e-01
   2.0000000e+00   2.1349583e+00  -1.1418729e+00   6.4749167e-01   9.6255735e-01   1.4504648e+00   1.2888785e+00  -1.4252235e+00   1.9748975e+00   1.0181829e+00   1.7125430e-01
   2.0000000e+00   1.3859322e+00   6.2875730e-01   6.4171448e-02  -7.4572214e-01   2.1103440e+00   8.1862638e-01   5.3856008e-01  -3.6333594e-01  -9.7472515e-01   6.0753226e-01
   2.0000000e+00   1.3916699e+00   2.0812880e-01   4.8746138e-01   1.5540331e+00  -4.8921391e-01  -1.8967761e-01   1.6237466e+00  -9.0870571e-02   1.0008106e+00   1.8067649e+00
   2.0000000e+00  -5.1759128e-01   8.3898978e-01  -5.8235008e-01  -6.4734375e-02  -1.8361324e+00  -2.8139319e-02   3.1743297e-01  -6.5217958e-01   6.5853288e-02   6.3767600e-01
   2.0000000e+00  -5.4454925e-01  -1.2733683e+00  -2.5363928e+00   1.0793146e+00  -3.7016172e-03  -9.1289362e-01  -1.0783368e+00  -2.6216895e-03  -5.4712513e-01  -8.7456073e-01
   2.0000000e+00  -7.4770213e-01  -1.4608498e-01   1.1735029e+00  -5.7422051e-01   1.1822964e+00  -1.6897555e-01   1.4705971e+00   1.5154972e+00   2.4300368e-01   1.8954955e-01
   2.0000000e+00   1.4075607e-01  -5.7585394e-01  -9.6717561e-01  -3.6076817e-01   7.5657771e-01   2.1375819e+00   8.2766163e-01  -7.6560751e-01   3.2380799e-01  -8.6910497e-01
   2.0000000e+00   3.1780953e-02  -6.4887278e-01  -4.2527321e-01  -1.4992992e-02  -5.7858374e-01  -7.2588572e-01  -3.3246974e-01  -3.0097320e-04  -1.1069038e+00   8.6743769e-02
   2.0000000e+00   2.4183383e-01  -3.0861491e-01  -7.2056145e-01  -2.1448572e-01  -2.2578963e+00  -2.2336724e-01  -7.5127211e-01  -5.2683895e-01  -1.3655061e+00   1.7323940e-01
   2.0000000e+00  -1.5719219e-01  -7.5044662e-01   3.2312446e+00  -3.4157706e-02   1.5011600e+00   1.3113034e+00   3.0219299e-01   5.9243977e-01   2.2832985e+00  -2.1634595e-01
   1.0000000e+00   1.4814225e-01   8.0223419e-01   3.0263514e-01   1.9309674e-01  -4.8756369e-01   3.3377662e-01  -4.5248304e-01   6.1200486e-01  -2.1131000e-01  -8.6835890e-01
   2.0000000e+00   6.9439343e-02   2.2332554e-01  -1.5228952e-01   8.5114858e-01   4.3905664e-01   1.6291271e+00  -1.8067170e+00  -3.5857958e-01  -9.4482571e-01   8.9378952e-01
   2.0000000e+00  -8.6237459e-02  -1.6959438e+00  -6.8183549e-01  -4.4463701e-01   9.6600908e-01   1.0649897e-01  -5.9525418e-01  -3.3859386e-01  -1.0676797e+00  -7.2798262e-01
   2.0000000e+00   1.4184975e+00   1.4326952e+00  -1.2436632e+00  -8.9981050e-01  -1.3165090e+00   4.1853716e-01   2.1048799e+00   3.3456561e-01  -3.9680320e-01  -1.3209566e+00
   2.0000000e+00   1.3780045e+00  -6.5345526e-01  -9.4735364e-01  -1.5778765e-02   1.8618230e+00   1.2264660e+00   1.8583110e-01  -1.4018939e+00  -9.9997413e-01   1.5382175e-01
   1.0000000e+00  -8.7258038e-02   8.1081467e-01   1.8988960e-01  -8.1999763e-01  -6.1766556e-01   4.4787414e-01   2.4829884e+00   4.8228908e-01  -7.5584294e-01   4.3654603e-01
   2.0000000e+00  -1.7805765e-01  -5.8706636e-01  -4.6867843e-01   4.7507588e-01   1.0926139e+00   5.5515112e-01  -7.9296603e-01  -4.2662383e-01   8.5697162e-01   1.5251682e+00
   2.0000000e+00   6.7572835e-01   1.1029619e+00  -1.8722326e+00  -6.3971223e-01   1.0190435e+00  -1.7579756e+00   1.6266006e+00  -5.0429382e-01   1.4591259e+00  -5.5926788e-01
   2.0000000e+00   8.4276574e-01   7.4658933e-01   6.8397463e-01  -7.2817958e-01   1.4874090e+00  -1.7925944e-01  -2.7133917e-01   5.1378281e-01  -3.9046691e-03  -6.4022250e-01
   2.0000000e+00  -3.8119986e-01  -9.7206022e-02  -6.6426826e-01  -6.8482830e-02  -1.9425095e+00   1.1770793e+00   6.9481795e-01  -5.3059205e-01  -3.4360922e+00   2.7521511e-01
   2.0000000e+00   2.0207589e+00   1.3099816e-01   7.8091271e-02  -2.7913507e-01  -1.0483492e+00  -1.7465716e+00  -2.9176135e+00  -3.7865986e-01  -1.1255341e-01   2.5869678e-01
   2.0000000e+00  -2.0867493e+00  -1.9307556e+00   1.6304428e+00  -2.5519522e-01   1.6793185e+00   1.1122512e+00   4.0162171e-01  -1.7481138e-01  -9.9615254e-02   1.0370793e+00
   2.0000000e+00  -7.0742545e-01   1.9555987e+00   5.3894209e-01   4.3438001e-01  -6.0616740e-01  -3.5316618e-02   1.9035961e-01   1.2712848e+00   1.9530493e+00   1.8151313e+00
   2.0000000e+00  -1.2323282e+00   1.0820087e+00   2.1790940e-01  -1.3383516e+00  -6.4260888e-01  -1.0957673e+00   2.1029849e-01  -5.3710159e-01  -8.3264717e-01   2.8516401e-01
   2.0000000e+00  -1.1820154e-01  -4.5606769e-02  -8.5820835e-01  -1.9369583e+00   5.6030942e-01  -1.2445705e+00   5.9909677e-01  -5.1897875e-01  -6.0070765e-01   1.0949161e+00
   2.0000000e+00   1.1403942e+00   1.0739477e+00   2.5077096e-01   3.9480743e-01   2.7943301e-01  -1.2175815e+00   3.1929582e-01  -1.2047723e+00  -4.3143506e-01   5.3081361e-01
   2.0000000e+00   6.2740729e-01   6.1143031e-01   9.3051492e-01   6.1535354e-01   2.4812622e-01  -3.6903938e-01   9.4214939e-02   8.7640324e-01  -4.2321812e-01   3.9993117e-01
   2.0000000e+00   1.0371610e+00   1.4020707e+00  -1.0446971e+00   2.2772683e-01  -2.1511071e-01  -2.1773823e-01  -4.0874948e-01   9.5797784e-01   4.6864983e-01   1.0482535e-01
